,1,2,3,4,5,6,7,8,9,10,11,12,13,14,15,16,17,18,19,20,21,22,23,24
0,207.0,133.0,206.0,133.0,205.0,133.0,205.0,133.0,205.0,133.0,205.0,133.0,204.0,133.0,204.0,133.0,203.0,133.0,203.0,133.0,201.0,134.0,200.0,134.0
1,194.0,44.0,192.0,43.0,192.0,43.0,192.0,43.0,191.0,44.0,191.0,43.0,191.0,43.0,191.0,43.0,192.0,43.0,192.0,43.0,192.0,43.0,193.0,43.0
2,415.0,119.0,415.0,119.0,415.0,119.0,416.0,119.0,415.0,119.0,415.0,119.0,414.0,119.0,413.0,120.0,414.0,120.0,413.0,121.0,409.0,122.0,408.0,123.0
3,398.0,57.0,397.0,57.0,396.0,57.0,397.0,56.0,396.0,56.0,396.0,56.0,396.0,56.0,397.0,55.0,399.0,54.0,400.0,54.0,403.0,53.0,404.0,53.0
4,584.0,106.0,589.0,106.0,592.0,106.0,594.0,106.0,595.0,106.0,597.0,106.0,594.0,107.0,588.0,107.0,587.0,107.0,583.0,107.0,551.0,108.0,526.0,109.0
5,572.0,67.0,577.0,67.0,581.0,67.0,585.0,67.0,586.0,67.0,583.0,66.0,581.0,66.0,572.0,66.0,569.0,66.0,558.0,65.0,555.0,66.0,545.0,67.0
6,609.0,103.0,614.0,102.0,617.0,102.0,621.0,102.0,623.0,102.0,623.0,103.0,624.0,103.0,615.0,103.0,613.0,103.0,604.0,102.0,565.0,103.0,530.0,104.0
7,598.0,71.0,607.0,71.0,612.0,72.0,614.0,72.0,613.0,72.0,609.0,72.0,604.0,71.0,594.0,71.0,591.0,71.0,575.0,71.0,573.0,72.0,563.0,73.0
8,631.0,102.0,638.0,102.0,641.0,102.0,647.0,102.0,650.0,102.0,651.0,103.0,650.0,103.0,642.0,103.0,637.0,103.0,625.0,102.0,583.0,103.0,544.0,104.0
9,617.0,71.0,627.0,71.0,633.0,71.0,634.0,72.0,633.0,72.0,628.0,71.0,623.0,71.0,612.0,71.0,610.0,71.0,593.0,71.0,590.0,72.0,581.0,73.0
10,635.0,105.0,642.0,105.0,645.0,105.0,651.0,104.0,653.0,105.0,656.0,106.0,656.0,106.0,652.0,106.0,649.0,106.0,639.0,106.0,598.0,106.0,565.0,106.0
11,624.0,68.0,632.0,68.0,639.0,68.0,641.0,68.0,644.0,68.0,637.0,67.0,633.0,67.0,625.0,66.0,624.0,66.0,613.0,66.0,603.0,69.0,596.0,70.0
12,609.0,72.0,607.0,71.0,598.0,72.0,597.0,71.0,593.0,71.0,591.0,71.0,591.0,71.0,585.0,71.0,584.0,71.0,580.0,72.0,0.0,0.0,0.0,0.0
13,624.0,72.0,629.0,71.0,619.0,71.0,618.0,71.0,615.0,71.0,612.0,71.0,608.0,71.0,603.0,72.0,598.0,71.0,594.0,72.0,0.0,0.0,0.0,0.0
14,632.0,70.0,630.0,69.0,626.0,70.0,625.0,69.0,621.0,70.0,619.0,70.0,616.0,70.0,613.0,70.0,608.0,70.0,602.0,71.0,0.0,0.0,0.0,0.0
15,634.0,69.0,631.0,68.0,628.0,68.0,628.0,68.0,624.0,68.0,625.0,68.0,621.0,68.0,620.0,69.0,616.0,69.0,609.0,69.0,0.0,0.0,0.0,0.0
16,635.0,67.0,627.0,68.0,628.0,67.0,628.0,67.0,625.0,67.0,627.0,67.0,625.0,67.0,625.0,67.0,621.0,67.0,615.0,68.0,0.0,0.0,0.0,0.0
17,636.0,72.0,629.0,72.0,620.0,72.0,619.0,72.0,615.0,71.0,612.0,71.0,611.0,72.0,605.0,72.0,603.0,72.0,600.0,72.0,0.0,0.0,0.0,0.0
18,671.0,73.0,664.0,72.0,651.0,72.0,647.0,72.0,641.0,72.0,639.0,72.0,636.0,72.0,631.0,72.0,627.0,73.0,624.0,73.0,0.0,0.0,0.0,0.0
19,681.0,71.0,666.0,71.0,654.0,71.0,651.0,71.0,648.0,70.0,645.0,70.0,641.0,71.0,642.0,71.0,642.0,71.0,635.0,72.0,0.0,0.0,0.0,0.0
20,678.0,70.0,660.0,70.0,653.0,69.0,652.0,69.0,649.0,69.0,648.0,69.0,642.0,69.0,645.0,69.0,647.0,70.0,640.0,70.0,0.0,0.0,0.0,0.0
21,667.0,69.0,649.0,69.0,650.0,68.0,649.0,68.0,647.0,67.0,648.0,67.0,641.0,68.0,644.0,68.0,644.0,68.0,639.0,69.0,0.0,0.0,0.0,0.0
22,655.0,72.0,640.0,72.0,633.0,71.0,631.0,71.0,627.0,71.0,626.0,71.0,624.0,71.0,620.0,71.0,620.0,72.0,617.0,72.0,0.0,0.0,0.0,0.0
23,706.0,74.0,658.0,72.0,630.0,72.0,626.0,71.0,621.0,71.0,621.0,71.0,619.0,71.0,628.0,72.0,654.0,73.0,639.0,73.0,0.0,0.0,0.0,0.0
24,717.0,73.0,657.0,71.0,633.0,70.0,631.0,70.0,628.0,70.0,628.0,70.0,622.0,70.0,634.0,70.0,666.0,72.0,647.0,72.0,0.0,0.0,0.0,0.0
25,710.0,71.0,641.0,70.0,632.0,69.0,633.0,69.0,630.0,69.0,631.0,69.0,624.0,69.0,634.0,69.0,666.0,71.0,645.0,71.0,0.0,0.0,0.0,0.0
26,687.0,70.0,638.0,69.0,633.0,68.0,636.0,68.0,633.0,68.0,641.0,68.0,628.0,68.0,639.0,68.0,658.0,69.0,640.0,70.0,0.0,0.0,0.0,0.0
27,0.0,0.0,0.0,0.0,0.0,0.0,0.0,0.0,0.0,0.0,0.0,0.0,0.0,0.0,0.0,0.0,0.0,0.0,0.0,0.0,878.0,164.0,0.0,0.0
28,0.0,0.0,0.0,0.0,0.0,0.0,0.0,0.0,0.0,0.0,0.0,0.0,0.0,0.0,0.0,0.0,0.0,0.0,0.0,0.0,871.0,165.0,0.0,0.0
29,0.0,0.0,0.0,0.0,0.0,0.0,0.0,0.0,0.0,0.0,0.0,0.0,0.0,0.0,0.0,0.0,0.0,0.0,0.0,0.0,862.0,167.0,0.0,0.0
30,0.0,0.0,0.0,0.0,0.0,0.0,0.0,0.0,0.0,0.0,0.0,0.0,0.0,0.0,0.0,0.0,0.0,0.0,0.0,0.0,854.0,168.0,0.0,0.0
31,0.0,0.0,0.0,0.0,0.0,0.0,0.0,0.0,0.0,0.0,0.0,0.0,0.0,0.0,0.0,0.0,0.0,0.0,0.0,0.0,847.0,169.0,0.0,0.0
32,0.0,0.0,0.0,0.0,0.0,0.0,0.0,0.0,0.0,0.0,0.0,0.0,0.0,0.0,0.0,0.0,0.0,0.0,0.0,0.0,877.0,164.0,0.0,0.0
33,0.0,0.0,0.0,0.0,0.0,0.0,0.0,0.0,0.0,0.0,0.0,0.0,0.0,0.0,0.0,0.0,0.0,0.0,0.0,0.0,871.0,165.0,0.0,0.0
34,0.0,0.0,0.0,0.0,0.0,0.0,0.0,0.0,0.0,0.0,0.0,0.0,0.0,0.0,0.0,0.0,0.0,0.0,0.0,0.0,863.0,166.0,0.0,0.0
35,0.0,0.0,0.0,0.0,0.0,0.0,0.0,0.0,0.0,0.0,0.0,0.0,0.0,0.0,0.0,0.0,0.0,0.0,0.0,0.0,855.0,167.0,0.0,0.0
36,0.0,0.0,0.0,0.0,0.0,0.0,0.0,0.0,0.0,0.0,0.0,0.0,0.0,0.0,0.0,0.0,0.0,0.0,0.0,0.0,847.0,168.0,0.0,0.0
37,0.0,0.0,0.0,0.0,0.0,0.0,0.0,0.0,0.0,0.0,0.0,0.0,0.0,0.0,0.0,0.0,0.0,0.0,0.0,0.0,874.0,165.0,0.0,0.0
38,0.0,0.0,0.0,0.0,0.0,0.0,0.0,0.0,0.0,0.0,0.0,0.0,0.0,0.0,0.0,0.0,0.0,0.0,0.0,0.0,868.0,165.0,0.0,0.0
39,0.0,0.0,0.0,0.0,0.0,0.0,0.0,0.0,0.0,0.0,0.0,0.0,0.0,0.0,0.0,0.0,0.0,0.0,0.0,0.0,861.0,166.0,0.0,0.0
40,0.0,0.0,0.0,0.0,0.0,0.0,0.0,0.0,0.0,0.0,0.0,0.0,0.0,0.0,0.0,0.0,0.0,0.0,0.0,0.0,853.0,167.0,0.0,0.0
41,0.0,0.0,0.0,0.0,0.0,0.0,0.0,0.0,0.0,0.0,0.0,0.0,0.0,0.0,0.0,0.0,0.0,0.0,0.0,0.0,846.0,168.0,0.0,0.0
